10
16
7.734 1.458
7.787 3.694
-2.306 2.498
-2.216 2.238
-2.217 1.445
-3.620 1.428
-3.618 -3.690
0.979 -3.686
1.966 -3.240
3.631 -2.620
3.379 -1.891
3.382 -1.141
4.454 -1.139
4.440 -0.914
11.116 -0.916
11.109 1.457
6
-2.244320 -0.040632
-2.244320 -0.510632
-1.774320 -0.510632
-1.769570 0.299269
-2.099570 0.299269
-2.099570 -0.030731
6
4.859620 1.190210
4.859620 0.720210
5.329620 0.720210
5.304260 1.528800
4.974260 1.528800
4.974260 1.198800
6
2.239030 -0.773950
1.769030 -0.773950
1.769030 -1.243950
2.578530 -1.247780
2.578530 -0.917780
2.248530 -0.917780
4
5.329590 0.437658
4.859590 0.437658
4.859590 -0.032342
5.329590 -0.032342
4
1.772600 -0.036179
1.302600 -0.036179
1.302600 -0.506179
1.772600 -0.506179
4
0.467089 0.439399
-0.002911 0.439399
-0.002911 -0.030601
0.467089 -0.030601
4
-1.772780 1.188248
-2.242780 1.188248
-2.242780 0.718248
-1.772780 0.718248
4
1.058185 0.294929
0.728185 0.294929
0.728185 -0.035071
1.058185 -0.035071
4
8.877310 -0.574018
8.547310 -0.574018
8.547310 -0.904018
8.877310 -0.904018